Process 2 (Row: 1, Col: 0) starting Fox algorithm.
Initial local_a matrix:
56 2 94 97 99 43 39 2 28 3 0 81 47 38 59 
77 0 38 71 49 89 67 88 92 95 43 44 29 90 82 
96 67 77 34 90 26 24 57 14 68 5 58 12 86 0 
57 27 12 86 14 55 12 90 12 79 10 69 89 74 55 
5 59 17 18 45 83 73 58 73 37 89 83 7 78 57 
70 99 17 39 69 63 22 94 73 47 31 62 82 90 92 
98 25 81 16 16 2 31 39 96 4 38 80 18 21 70 
27 50 36 60 18 5 63 49 44 11 5 34 91 75 55 
86 53 43 74 14 13 79 77 62 75 88 19 10 32 94 
63 55 90 58 30 4 71 61 33 85 89 73 4 51 5 
65 60 36 55 70 18 11 42 32 96 79 21 70 84 72 
47 24 82 35 32 4 54 43 98 86 40 78 59 62 62 
69 18 1 3 53 33 7 59 28 6 97 20 84 8 34 
0 78 9 53 81 14 38 89 26 67 47 23 87 31 32 
20 33 82 81 87 15 96 25 4 22 92 51 97 32 34 

Initial local_b matrix:
27 66 78 12 50 96 24 33 13 86 99 70 94 68 15 
46 83 38 25 95 40 21 72 26 34 58 25 56 52 45 
67 94 13 57 19 60 50 92 32 76 79 90 53 35 95 
39 63 35 4 73 6 64 23 51 49 51 30 39 4 65 
94 19 43 81 23 68 87 39 43 38 88 94 20 80 98 
53 66 97 48 47 72 16 86 12 59 77 0 53 97 32 
63 33 15 60 81 14 85 97 0 97 8 29 49 13 79 
66 15 95 33 28 76 47 13 26 0 62 86 29 63 0 
8 53 62 3 86 42 32 34 7 10 34 69 96 15 84 
79 20 41 93 24 28 35 8 62 42 70 96 63 66 11 
82 44 75 23 38 51 51 73 11 65 68 81 13 83 99 
93 39 81 20 14 71 71 18 96 34 83 64 67 97 0 
35 22 40 68 43 55 39 66 25 36 53 60 52 20 57 
20 63 21 60 83 16 67 23 82 92 11 35 53 63 8 
23 29 96 44 42 80 12 9 55 47 54 66 34 59 81 

src: 0dst 0
Process 2: Received broadcasted matrix A:
51 35 34 39 92 15 27 4 29 49 64 85 29 43 35 
40 41 69 26 32 61 42 60 17 23 61 81 9 90 25 
46 26 94 16 52 78 29 46 90 47 70 51 80 31 93 
41 20 33 87 88 38 66 70 84 56 17 6 60 49 37 
14 71 29 0 59 18 38 25 88 74 33 57 81 93 58 
91 57 15 21 57 74 91 47 51 31 21 37 40 54 30 
62 12 79 77 85 36 4 76 83 7 59 57 44 99 11 
14 89 68 93 18 5 82 22 82 17 30 93 74 26 93 
17 46 35 37 91 53 43 73 28 25 91 10 18 17 36 
50 68 3 85 6 95 39 49 20 67 26 63 77 96 81 
27 34 40 83 72 98 30 63 47 50 30 73 14 59 22 
83 41 48 23 24 72 22 54 35 21 57 65 47 71 76 
98 91 76 98 15 52 71 89 59 6 10 16 24 9 39 
22 81 75 50 79 90 54 50 31 13 57 94 81 81 3 
81 6 15 57 8 95 99 62 97 83 76 54 77 9 87 

Process 2: Intermediate local_c after stage 0:
38130 28623 34226 27413 28066 33560 33256 26575 27171 33114 41192 41334 31526 38632 33877 
38628 34884 37891 27887 32162 35647 33977 32128 27760 37875 40560 39047 33787 42192 30074 
43720 40010 50632 36501 38384 48869 35802 40847 28333 41420 52916 54174 44208 47084 49061 
37674 32391 38788 33062 39543 35635 37794 31915 24982 35873 41948 45846 38344 34744 41523 
36717 32623 37738 35029 39011 35745 34325 31128 30239 35081 39822 45603 40021 39567 37052 
36208 33987 40272 30175 39167 38264 33515 35328 21917 39545 41664 38648 39807 39758 33709 
40817 39510 42811 30029 38378 41460 40939 33227 30595 39365 48068 50359 40602 42944 40859 
39587 39866 41190 29046 44291 37925 38303 37744 30804 38961 43619 45237 42764 35177 47126 
37642 27191 36387 26931 29000 33317 30738 31049 18402 29744 38767 39073 25502 36648 37780 
39206 39079 48123 34523 44235 40494 35069 33868 34401 42878 46537 41205 43015 46028 33038 
41971 35685 42898 30602 35682 37571 36747 31874 29823 35981 45842 41388 37276 43832 34212 
36733 36615 46175 28820 35562 43235 31252 32708 27745 39544 46047 42912 39049 44984 33756 
35430 41271 41572 24256 42414 39594 32441 37347 20567 38186 45303 40848 41569 34233 38509 
49408 43397 44779 37366 42483 43798 44082 45564 32625 44612 51753 47020 42416 49507 43136 
45270 38499 56782 35841 45160 48187 38382 41241 26985 45536 52750 52785 49398 47340 46353 

Process 2: Rotated matrix B after stage 0:
32 82 21 66 63 60 82 11 85 86 85 30 90 83 14 
82 21 10 55 88 25 15 70 37 53 8 22 83 50 57 
90 76 99 52 31 87 77 99 57 66 52 17 41 35 68 
74 45 0 25 97 83 12 27 82 21 93 34 39 34 21 
54 73 15 6 51 64 90 63 91 72 37 37 59 28 71 
0 6 38 67 64 89 32 54 4 75 79 41 12 38 69 
52 21 93 90 89 9 31 73 64 35 48 95 77 13 33 
45 81 61 90 23 50 0 54 75 64 42 24 59 19 89 
67 12 92 29 2 68 31 2 74 7 18 16 83 77 87 
85 48 5 30 29 59 98 60 62 24 19 80 41 2 10 
13 91 38 70 21 67 29 71 80 43 95 99 24 88 54 
39 64 42 30 86 15 49 15 86 81 11 34 33 87 22 
5 4 33 99 34 19 15 35 87 53 69 50 87 2 37 
43 79 61 28 78 47 0 45 82 87 99 51 89 86 53 
23 37 33 84 17 12 31 17 9 65 56 8 69 45 95 

Process 2: Root for stage 1 broadcasting matrix A.
Process 2: Received broadcasted matrix A:
56 2 94 97 99 43 39 2 28 3 0 81 47 38 59 
77 0 38 71 49 89 67 88 92 95 43 44 29 90 82 
96 67 77 34 90 26 24 57 14 68 5 58 12 86 0 
57 27 12 86 14 55 12 90 12 79 10 69 89 74 55 
5 59 17 18 45 83 73 58 73 37 89 83 7 78 57 
70 99 17 39 69 63 22 94 73 47 31 62 82 90 92 
98 25 81 16 16 2 31 39 96 4 38 80 18 21 70 
27 50 36 60 18 5 63 49 44 11 5 34 91 75 55 
86 53 43 74 14 13 79 77 62 75 88 19 10 32 94 
63 55 90 58 30 4 71 61 33 85 89 73 4 51 5 
65 60 36 55 70 18 11 42 32 96 79 21 70 84 72 
47 24 82 35 32 4 54 43 98 86 40 78 59 62 62 
69 18 1 3 53 33 7 59 28 6 97 20 84 8 34 
0 78 9 53 81 14 38 89 26 67 47 23 87 31 32 
20 33 82 81 87 15 96 25 4 22 92 51 97 32 34 

Process 2: Intermediate local_c after stage 1:
71704 64269 63405 59702 68085 70496 65440 56579 74104 74584 80654 65335 70509 70145 68271 
82271 82580 80560 79054 78286 86693 71946 72246 88559 89710 94973 79877 89560 85998 80767 
83208 82959 78884 69080 79923 87404 70957 76661 78990 86702 89707 82154 88407 81276 82669 
69818 68807 64392 75023 79788 71322 63046 61419 74400 78846 84823 75863 82157 65499 76009 
70543 70750 74911 77171 79746 73155 60523 67914 78213 78681 80221 81892 83396 80639 81673 
78185 79107 77589 83097 87134 82212 66313 74776 82156 95382 91005 73554 100877 84718 87048 
71697 74180 76557 65228 66841 72450 69074 57086 73342 75896 79709 71194 81047 80071 75901 
68903 67213 70243 66178 78615 63921 55815 64482 73110 73045 78543 69881 85756 61577 79648 
78417 70564 71333 75163 68156 73943 62728 68014 70601 70998 84422 75704 75062 75156 80144 
81949 84973 83149 74335 85845 81108 69441 74570 89227 84203 86874 78752 86087 83716 68030 
80291 79442 70864 73133 74644 78539 70628 69493 84498 81069 92452 77608 87113 80981 74812 
78471 77121 85814 70918 72389 82101 66137 67739 83048 81590 85388 76612 88752 82976 74871 
51280 69468 61113 58174 63507 65299 52088 59845 57423 69004 77570 64919 72898 59777 67090 
82340 75366 68457 75216 76103 74861 67656 79523 79119 79423 84762 77406 83778 73062 79077 
80771 78105 90369 79783 87575 85340 69045 82763 81993 87245 98129 91233 93396 78364 83569 

Process 2: Rotated matrix B after stage 1:
27 66 78 12 50 96 24 33 13 86 99 70 94 68 15 
46 83 38 25 95 40 21 72 26 34 58 25 56 52 45 
67 94 13 57 19 60 50 92 32 76 79 90 53 35 95 
39 63 35 4 73 6 64 23 51 49 51 30 39 4 65 
94 19 43 81 23 68 87 39 43 38 88 94 20 80 98 
53 66 97 48 47 72 16 86 12 59 77 0 53 97 32 
63 33 15 60 81 14 85 97 0 97 8 29 49 13 79 
66 15 95 33 28 76 47 13 26 0 62 86 29 63 0 
8 53 62 3 86 42 32 34 7 10 34 69 96 15 84 
79 20 41 93 24 28 35 8 62 42 70 96 63 66 11 
82 44 75 23 38 51 51 73 11 65 68 81 13 83 99 
93 39 81 20 14 71 71 18 96 34 83 64 67 97 0 
35 22 40 68 43 55 39 66 25 36 53 60 52 20 57 
20 63 21 60 83 16 67 23 82 92 11 35 53 63 8 
23 29 96 44 42 80 12 9 55 47 54 66 34 59 81 

Process 2: Completed Fox algorithm.
