Process 1 (Row: 0, Col: 1) starting Fox algorithm.
Initial local_a matrix:
26 40 26 72 36 11 68 67 29 82 30 62 23 67 35 
37 98 24 15 70 13 26 91 80 56 73 62 70 96 81 
67 34 64 43 50 87 8 76 78 88 84 3 51 54 99 
1 97 2 17 92 52 56 1 80 86 41 65 89 44 19 
65 6 83 19 24 28 71 32 29 3 19 70 68 8 15 
50 93 0 34 64 24 14 87 56 43 91 27 65 59 36 
28 43 11 28 29 76 4 43 63 13 38 6 40 4 18 
90 5 39 54 86 69 82 42 64 97 7 55 4 48 11 
5 20 36 44 26 22 65 8 16 82 58 24 37 62 24 
63 99 81 99 96 59 73 13 68 90 95 26 66 84 40 
9 36 10 42 87 6 1 13 72 21 55 19 99 21 4 
81 30 84 92 72 72 50 25 85 22 99 40 42 98 13 
76 50 55 60 42 79 84 93 5 21 67 4 13 61 54 
98 36 8 53 48 3 33 33 48 90 54 67 46 68 29 
96 75 88 57 29 36 60 14 21 60 4 28 27 50 48 

Initial local_b matrix:
76 16 20 92 25 28 39 25 90 36 60 18 43 37 28 
97 27 26 69 71 51 49 10 28 39 98 88 10 93 77 
98 84 95 76 5 66 28 54 28 8 93 78 97 55 72 
59 85 57 54 61 62 72 41 16 52 50 62 82 99 17 
80 87 56 90 41 70 52 65 11 69 17 61 83 51 12 
36 70 56 44 60 49 14 65 14 26 86 83 39 69 35 
98 49 55 55 93 68 56 60 33 23 86 71 58 77 40 
44 69 38 51 76 83 19 33 43 4 56 81 75 66 11 
72 73 57 62 25 33 97 96 18 41 53 26 74 80 93 
80 26 83 89 40 8 23 38 57 93 31 10 20 5 90 
86 69 32 69 10 73 30 33 63 87 79 94 49 99 51 
87 73 43 19 42 54 44 24 39 59 63 18 53 12 69 
62 89 10 5 60 4 11 57 29 3 16 92 21 22 5 
26 48 94 36 6 7 92 17 64 21 20 80 66 94 54 
22 71 95 69 59 1 76 52 71 40 25 43 72 91 89 

src: 3dst 3
Process 1: Received broadcasted matrix A:
83 86 77 15 93 35 86 92 49 21 62 27 90 59 63 
29 2 22 58 69 67 93 56 11 42 29 73 21 19 84 
5 25 84 27 36 5 46 29 13 57 24 95 82 45 14 
32 60 76 68 39 12 26 86 94 39 95 70 34 78 67 
40 29 31 17 97 71 81 75 9 27 67 56 97 53 86 
40 49 96 23 18 45 46 51 21 55 79 88 64 28 41 
32 51 37 28 75 7 74 21 58 95 29 37 35 93 18 
28 88 69 17 17 96 24 43 70 83 90 99 72 25 44 
22 28 99 43 46 68 40 22 11 10 5 1 61 30 78 
0 36 52 99 79 50 68 71 73 31 81 30 33 94 60 
90 84 76 42 36 7 45 56 79 18 87 12 48 72 59 
39 11 40 67 5 28 27 50 84 58 20 24 22 69 96 
98 90 24 90 9 81 19 36 32 55 94 4 79 69 73 
26 59 44 2 2 6 84 21 42 68 28 89 72 8 58 
0 46 88 97 49 90 3 33 63 97 53 92 86 25 52 

Process 1: Intermediate local_c after stage 0:
65646 58183 47572 56183 43674 43036 42067 41829 38478 32389 52500 61641 52935 60387 42253 
44127 44380 39043 39132 35910 32106 31297 31828 26439 28189 36542 38729 40778 41939 30971 
43861 39317 32902 29832 25076 25357 24363 25053 22117 22297 31433 35362 32866 29589 29542 
59354 56805 49532 51171 35122 40290 45085 38074 36294 35877 48900 53460 53374 60308 47290 
54174 55378 43609 46064 41260 36974 35519 38263 33928 31262 42793 55052 46738 51700 35137 
54330 47260 39742 41807 31592 34352 29356 31236 31048 29450 45480 46173 40483 43128 38873 
49558 39730 41049 42506 29101 27641 35958 30454 28034 30733 34687 39081 37879 41706 37074 
61604 53844 44920 48191 37481 37372 35140 38244 33694 37030 52970 52284 42770 50926 48841 
36030 39207 34944 32959 26223 23736 24950 28143 20297 16670 31600 38560 34984 37387 26519 
55459 57982 50663 49586 38033 40943 45428 40213 31501 34733 45808 56408 54096 62806 40759 
56720 48384 42759 50633 32355 35500 41183 34714 36225 30439 47077 51393 46710 57320 41878 
37924 40002 41018 38146 27265 22814 36142 30330 28382 24880 31577 34288 39540 43849 36716 
54356 49602 42943 50522 37751 32823 38864 34346 38539 34665 47749 54890 42285 59169 40645 
46224 36207 31957 32979 30609 23836 26902 26883 25622 24440 35399 33265 29760 32591 35847 
59699 59906 49732 48180 38046 37214 37483 41215 29997 37970 47726 51665 48451 50689 45796 

Process 1: Rotated matrix B after stage 0:
41 42 39 37 63 98 90 39 2 13 31 28 57 4 71 
72 46 39 11 83 3 61 25 42 16 39 74 44 96 30 
98 7 41 37 70 76 40 84 1 83 0 92 9 96 40 
86 2 25 79 91 47 7 84 31 61 19 31 53 28 27 
86 18 52 63 98 95 10 5 79 42 66 98 25 72 78 
3 35 51 7 98 49 54 61 6 34 3 25 84 28 97 
34 16 14 85 75 65 86 30 26 92 16 29 69 52 9 
8 97 16 75 82 44 40 20 26 18 65 94 99 34 46 
96 24 82 65 51 16 61 43 37 87 61 2 81 60 88 
0 15 87 34 32 90 50 93 33 39 80 94 93 13 54 
77 35 14 64 69 46 7 72 91 40 11 23 87 57 36 
67 74 35 33 90 57 32 49 29 23 90 92 47 29 49 
4 87 83 40 21 26 97 5 27 78 28 69 70 27 98 
62 68 95 98 60 68 76 9 73 3 87 54 73 57 81 
42 73 1 38 71 13 58 99 22 84 55 61 90 80 71 

Process 1: Root for stage 1 broadcasting matrix A.
Process 1: Received broadcasted matrix A:
26 40 26 72 36 11 68 67 29 82 30 62 23 67 35 
37 98 24 15 70 13 26 91 80 56 73 62 70 96 81 
67 34 64 43 50 87 8 76 78 88 84 3 51 54 99 
1 97 2 17 92 52 56 1 80 86 41 65 89 44 19 
65 6 83 19 24 28 71 32 29 3 19 70 68 8 15 
50 93 0 34 64 24 14 87 56 43 91 27 65 59 36 
28 43 11 28 29 76 4 43 63 13 38 6 40 4 18 
90 5 39 54 86 69 82 42 64 97 7 55 4 48 11 
5 20 36 44 26 22 65 8 16 82 58 24 37 62 24 
63 99 81 99 96 59 73 13 68 90 95 26 66 84 40 
9 36 10 42 87 6 1 13 72 21 55 19 99 21 4 
81 30 84 92 72 72 50 25 85 22 99 40 42 98 13 
76 50 55 60 42 79 84 93 5 21 67 4 13 61 54 
98 36 8 53 48 3 33 33 48 90 54 67 46 68 29 
96 75 88 57 29 36 60 14 21 60 4 28 27 50 48 

Process 1: Intermediate local_c after stage 1:
99273 86737 77880 94840 90945 80758 75289 74560 63477 62547 86723 103526 98526 91111 77116 
91102 90032 81425 86296 96436 74149 77907 68915 63697 66599 83296 93945 102006 89398 85161 
86334 77364 73700 73220 84970 71275 68889 73096 52750 64912 68845 84536 96043 72579 86135 
97091 87403 90574 86174 84686 76766 84501 67763 67408 71566 85652 98254 101501 97889 93560 
82192 78796 66212 72837 78596 68343 66692 62335 47405 60917 62230 86916 77745 76712 65669 
92370 83828 73897 80848 82765 69784 66331 61013 63343 59101 80698 89563 92240 80061 83133 
71030 58981 61854 62401 61017 47111 58374 50624 42904 51640 51064 60675 69204 62709 66626 
98669 79305 81998 88309 91540 87160 74038 74143 57884 71345 88490 94921 91268 81657 93348 
62173 58338 61090 62889 60760 54377 51669 55925 41956 43241 54797 69238 70952 62636 54669 
115378 94774 101152 104275 111138 98539 97265 91248 72788 85470 88118 114944 119416 117101 100231 
86197 69332 70408 77344 64159 59129 64549 52444 59547 56549 69385 79798 77444 82343 75174 
93110 72659 84086 88721 92177 74367 79708 72943 63424 67314 66450 79190 95570 88292 90580 
91080 81782 70732 91982 95460 75302 77985 70777 64183 68289 75316 96285 93779 96655 81565 
82572 66932 67649 71262 77522 66319 64671 60120 52954 53550 72249 74467 77706 61578 77872 
96739 85087 80859 80934 86446 77491 76979 76915 48993 70672 74993 92405 89116 85508 83567 

Process 1: Rotated matrix B after stage 1:
76 16 20 92 25 28 39 25 90 36 60 18 43 37 28 
97 27 26 69 71 51 49 10 28 39 98 88 10 93 77 
98 84 95 76 5 66 28 54 28 8 93 78 97 55 72 
59 85 57 54 61 62 72 41 16 52 50 62 82 99 17 
80 87 56 90 41 70 52 65 11 69 17 61 83 51 12 
36 70 56 44 60 49 14 65 14 26 86 83 39 69 35 
98 49 55 55 93 68 56 60 33 23 86 71 58 77 40 
44 69 38 51 76 83 19 33 43 4 56 81 75 66 11 
72 73 57 62 25 33 97 96 18 41 53 26 74 80 93 
80 26 83 89 40 8 23 38 57 93 31 10 20 5 90 
86 69 32 69 10 73 30 33 63 87 79 94 49 99 51 
87 73 43 19 42 54 44 24 39 59 63 18 53 12 69 
62 89 10 5 60 4 11 57 29 3 16 92 21 22 5 
26 48 94 36 6 7 92 17 64 21 20 80 66 94 54 
22 71 95 69 59 1 76 52 71 40 25 43 72 91 89 

Process 1: Completed Fox algorithm.
