Process 0 (Row: 0, Col: 0) starting Fox algorithm.
Initial local_a matrix:
83 86 77 15 93 35 86 92 49 21 62 27 90 59 63 
29 2 22 58 69 67 93 56 11 42 29 73 21 19 84 
5 25 84 27 36 5 46 29 13 57 24 95 82 45 14 
32 60 76 68 39 12 26 86 94 39 95 70 34 78 67 
40 29 31 17 97 71 81 75 9 27 67 56 97 53 86 
40 49 96 23 18 45 46 51 21 55 79 88 64 28 41 
32 51 37 28 75 7 74 21 58 95 29 37 35 93 18 
28 88 69 17 17 96 24 43 70 83 90 99 72 25 44 
22 28 99 43 46 68 40 22 11 10 5 1 61 30 78 
0 36 52 99 79 50 68 71 73 31 81 30 33 94 60 
90 84 76 42 36 7 45 56 79 18 87 12 48 72 59 
39 11 40 67 5 28 27 50 84 58 20 24 22 69 96 
98 90 24 90 9 81 19 36 32 55 94 4 79 69 73 
26 59 44 2 2 6 84 21 42 68 28 89 72 8 58 
0 46 88 97 49 90 3 33 63 97 53 92 86 25 52 

Initial local_b matrix:
32 82 21 66 63 60 82 11 85 86 85 30 90 83 14 
82 21 10 55 88 25 15 70 37 53 8 22 83 50 57 
90 76 99 52 31 87 77 99 57 66 52 17 41 35 68 
74 45 0 25 97 83 12 27 82 21 93 34 39 34 21 
54 73 15 6 51 64 90 63 91 72 37 37 59 28 71 
0 6 38 67 64 89 32 54 4 75 79 41 12 38 69 
52 21 93 90 89 9 31 73 64 35 48 95 77 13 33 
45 81 61 90 23 50 0 54 75 64 42 24 59 19 89 
67 12 92 29 2 68 31 2 74 7 18 16 83 77 87 
85 48 5 30 29 59 98 60 62 24 19 80 41 2 10 
13 91 38 70 21 67 29 71 80 43 95 99 24 88 54 
39 64 42 30 86 15 49 15 86 81 11 34 33 87 22 
5 4 33 99 34 19 15 35 87 53 69 50 87 2 37 
43 79 61 28 78 47 0 45 82 87 99 51 89 86 53 
23 37 33 84 17 12 31 17 9 65 56 8 69 45 95 

src: 2dst 2
Process 0: Root for stage 0 broadcasting matrix A.
Process 0: Received broadcasted matrix A:
83 86 77 15 93 35 86 92 49 21 62 27 90 59 63 
29 2 22 58 69 67 93 56 11 42 29 73 21 19 84 
5 25 84 27 36 5 46 29 13 57 24 95 82 45 14 
32 60 76 68 39 12 26 86 94 39 95 70 34 78 67 
40 29 31 17 97 71 81 75 9 27 67 56 97 53 86 
40 49 96 23 18 45 46 51 21 55 79 88 64 28 41 
32 51 37 28 75 7 74 21 58 95 29 37 35 93 18 
28 88 69 17 17 96 24 43 70 83 90 99 72 25 44 
22 28 99 43 46 68 40 22 11 10 5 1 61 30 78 
0 36 52 99 79 50 68 71 73 31 81 30 33 94 60 
90 84 76 42 36 7 45 56 79 18 87 12 48 72 59 
39 11 40 67 5 28 27 50 84 58 20 24 22 69 96 
98 90 24 90 9 81 19 36 32 55 94 4 79 69 73 
26 59 44 2 2 6 84 21 42 68 28 89 72 8 58 
0 46 88 97 49 90 3 33 63 97 53 92 86 25 52 

Process 0: Intermediate local_c after stage 0:
42745 47714 43312 56565 46456 43884 36362 46997 62308 55010 50387 38988 61042 40903 52516 
28831 32782 28467 38397 37434 31098 27829 30695 41405 38573 36269 30319 36334 27290 35122 
29809 30064 27744 31220 31544 26208 25407 30020 42303 33656 28196 26530 33691 24026 26610 
43787 48053 40985 46006 41010 44998 30400 39721 59510 46790 46775 34976 51663 45705 49568 
31226 41135 35593 51403 42025 37139 31552 40383 53629 50794 47473 38020 49578 34462 46283 
34307 39019 34281 43748 37025 36317 31044 38139 48243 42886 38874 33302 40340 34409 37130 
37820 34955 30288 32263 37121 33176 30687 34126 48693 36390 34059 33553 44358 30485 32888 
38904 39198 36843 48579 41529 43535 34688 41475 52405 47221 41807 37667 46021 41333 45034 
25726 24870 26590 34057 28097 29851 22767 29645 31132 33559 33580 19948 32783 20569 33381 
41291 43842 39260 44049 44097 45744 28025 41428 56983 44776 50189 37790 49308 39602 48887 
39635 43521 37752 46342 38859 41177 29728 38001 54483 44707 46482 32775 53237 42443 44818 
31671 30873 29478 34240 28860 32858 22780 24401 39453 32782 36010 23635 39637 30700 36015 
35668 40560 28694 50510 45016 44843 29057 37665 52297 47209 54789 37118 51224 41366 42096 
29666 25530 28627 37275 31189 22016 25422 27895 38882 31808 25313 28080 37877 25510 28360 
42601 39238 33857 43884 43192 48051 36419 40607 54986 45391 44763 35520 44167 36511 44152 

Process 0: Rotated matrix B after stage 0:
27 66 78 12 50 96 24 33 13 86 99 70 94 68 15 
46 83 38 25 95 40 21 72 26 34 58 25 56 52 45 
67 94 13 57 19 60 50 92 32 76 79 90 53 35 95 
39 63 35 4 73 6 64 23 51 49 51 30 39 4 65 
94 19 43 81 23 68 87 39 43 38 88 94 20 80 98 
53 66 97 48 47 72 16 86 12 59 77 0 53 97 32 
63 33 15 60 81 14 85 97 0 97 8 29 49 13 79 
66 15 95 33 28 76 47 13 26 0 62 86 29 63 0 
8 53 62 3 86 42 32 34 7 10 34 69 96 15 84 
79 20 41 93 24 28 35 8 62 42 70 96 63 66 11 
82 44 75 23 38 51 51 73 11 65 68 81 13 83 99 
93 39 81 20 14 71 71 18 96 34 83 64 67 97 0 
35 22 40 68 43 55 39 66 25 36 53 60 52 20 57 
20 63 21 60 83 16 67 23 82 92 11 35 53 63 8 
23 29 96 44 42 80 12 9 55 47 54 66 34 59 81 

Process 0: Received broadcasted matrix A:
26 40 26 72 36 11 68 67 29 82 30 62 23 67 35 
37 98 24 15 70 13 26 91 80 56 73 62 70 96 81 
67 34 64 43 50 87 8 76 78 88 84 3 51 54 99 
1 97 2 17 92 52 56 1 80 86 41 65 89 44 19 
65 6 83 19 24 28 71 32 29 3 19 70 68 8 15 
50 93 0 34 64 24 14 87 56 43 91 27 65 59 36 
28 43 11 28 29 76 4 43 63 13 38 6 40 4 18 
90 5 39 54 86 69 82 42 64 97 7 55 4 48 11 
5 20 36 44 26 22 65 8 16 82 58 24 37 62 24 
63 99 81 99 96 59 73 13 68 90 95 26 66 84 40 
9 36 10 42 87 6 1 13 72 21 55 19 99 21 4 
81 30 84 92 72 72 50 25 85 22 99 40 42 98 13 
76 50 55 60 42 79 84 93 5 21 67 4 13 61 54 
98 36 8 53 48 3 33 33 48 90 54 67 46 68 29 
96 75 88 57 29 36 60 14 21 60 4 28 27 50 48 

Process 0: Intermediate local_c after stage 1:
80396 77046 77837 86149 80525 73839 71507 72922 91175 89152 87478 79732 94921 76098 82098 
74493 71897 79565 76027 83266 77995 68499 66248 76363 78759 87178 86812 80952 77930 78554 
73863 71231 82193 69382 73381 75476 60543 67793 71831 76849 83341 82898 78374 74597 73530 
85344 80052 78439 81975 80367 79649 66215 75446 87043 80587 89285 77910 90919 86407 89036 
61306 67647 63832 73711 65810 68096 59019 70144 70954 81198 81402 71485 79915 61499 75010 
73274 71823 78002 73200 75900 75442 64379 69664 73441 75879 83319 79483 76143 76883 73700 
59326 56673 59180 48213 60692 58258 47583 56438 59791 54946 61994 57743 67791 55228 56665 
81179 73361 77210 82917 77712 81729 73098 73343 79785 88150 88324 83757 88704 83610 79577 
55823 48619 50469 60951 54893 51002 50367 54839 52170 64506 61480 51559 58190 47804 61560 
97214 96892 90016 90277 100148 94233 78813 93515 93526 102280 111809 99425 102348 93775 109261 
65748 63980 62769 67894 63933 65550 54758 60977 70801 64787 76254 65384 77371 66232 76909 
77823 78882 76276 68917 76508 77099 68022 69409 69965 84202 89415 76107 86735 78650 87264 
76092 78339 72406 81859 84504 85097 64788 76050 75332 91011 99639 79343 86950 83972 80778 
67289 57241 67778 66700 66490 58097 59797 53797 68272 69190 69120 74125 77740 65733 58945 
76989 77496 67371 73537 79678 83236 67146 74165 79964 86494 87231 75278 83522 71566 78413 

Process 0: Rotated matrix B after stage 1:
32 82 21 66 63 60 82 11 85 86 85 30 90 83 14 
82 21 10 55 88 25 15 70 37 53 8 22 83 50 57 
90 76 99 52 31 87 77 99 57 66 52 17 41 35 68 
74 45 0 25 97 83 12 27 82 21 93 34 39 34 21 
54 73 15 6 51 64 90 63 91 72 37 37 59 28 71 
0 6 38 67 64 89 32 54 4 75 79 41 12 38 69 
52 21 93 90 89 9 31 73 64 35 48 95 77 13 33 
45 81 61 90 23 50 0 54 75 64 42 24 59 19 89 
67 12 92 29 2 68 31 2 74 7 18 16 83 77 87 
85 48 5 30 29 59 98 60 62 24 19 80 41 2 10 
13 91 38 70 21 67 29 71 80 43 95 99 24 88 54 
39 64 42 30 86 15 49 15 86 81 11 34 33 87 22 
5 4 33 99 34 19 15 35 87 53 69 50 87 2 37 
43 79 61 28 78 47 0 45 82 87 99 51 89 86 53 
23 37 33 84 17 12 31 17 9 65 56 8 69 45 95 

Process 0: Completed Fox algorithm.
