Process 3 (Row: 1, Col: 1) starting Fox algorithm.
Initial local_a matrix:
51 35 34 39 92 15 27 4 29 49 64 85 29 43 35 
40 41 69 26 32 61 42 60 17 23 61 81 9 90 25 
46 26 94 16 52 78 29 46 90 47 70 51 80 31 93 
41 20 33 87 88 38 66 70 84 56 17 6 60 49 37 
14 71 29 0 59 18 38 25 88 74 33 57 81 93 58 
91 57 15 21 57 74 91 47 51 31 21 37 40 54 30 
62 12 79 77 85 36 4 76 83 7 59 57 44 99 11 
14 89 68 93 18 5 82 22 82 17 30 93 74 26 93 
17 46 35 37 91 53 43 73 28 25 91 10 18 17 36 
50 68 3 85 6 95 39 49 20 67 26 63 77 96 81 
27 34 40 83 72 98 30 63 47 50 30 73 14 59 22 
83 41 48 23 24 72 22 54 35 21 57 65 47 71 76 
98 91 76 98 15 52 71 89 59 6 10 16 24 9 39 
22 81 75 50 79 90 54 50 31 13 57 94 81 81 3 
81 6 15 57 8 95 99 62 97 83 76 54 77 9 87 

Initial local_b matrix:
41 42 39 37 63 98 90 39 2 13 31 28 57 4 71 
72 46 39 11 83 3 61 25 42 16 39 74 44 96 30 
98 7 41 37 70 76 40 84 1 83 0 92 9 96 40 
86 2 25 79 91 47 7 84 31 61 19 31 53 28 27 
86 18 52 63 98 95 10 5 79 42 66 98 25 72 78 
3 35 51 7 98 49 54 61 6 34 3 25 84 28 97 
34 16 14 85 75 65 86 30 26 92 16 29 69 52 9 
8 97 16 75 82 44 40 20 26 18 65 94 99 34 46 
96 24 82 65 51 16 61 43 37 87 61 2 81 60 88 
0 15 87 34 32 90 50 93 33 39 80 94 93 13 54 
77 35 14 64 69 46 7 72 91 40 11 23 87 57 36 
67 74 35 33 90 57 32 49 29 23 90 92 47 29 49 
4 87 83 40 21 26 97 5 27 78 28 69 70 27 98 
62 68 95 98 60 68 76 9 73 3 87 54 73 57 81 
42 73 1 38 71 13 58 99 22 84 55 61 90 80 71 

src: 1dst 1
Process 3: Root for stage 0 broadcasting matrix A.
Process 3: Received broadcasted matrix A:
51 35 34 39 92 15 27 4 29 49 64 85 29 43 35 
40 41 69 26 32 61 42 60 17 23 61 81 9 90 25 
46 26 94 16 52 78 29 46 90 47 70 51 80 31 93 
41 20 33 87 88 38 66 70 84 56 17 6 60 49 37 
14 71 29 0 59 18 38 25 88 74 33 57 81 93 58 
91 57 15 21 57 74 91 47 51 31 21 37 40 54 30 
62 12 79 77 85 36 4 76 83 7 59 57 44 99 11 
14 89 68 93 18 5 82 22 82 17 30 93 74 26 93 
17 46 35 37 91 53 43 73 28 25 91 10 18 17 36 
50 68 3 85 6 95 39 49 20 67 26 63 77 96 81 
27 34 40 83 72 98 30 63 47 50 30 73 14 59 22 
83 41 48 23 24 72 22 54 35 21 57 65 47 71 76 
98 91 76 98 15 52 71 89 59 6 10 16 24 9 39 
22 81 75 50 79 90 54 50 31 13 57 94 81 81 3 
81 6 15 57 8 95 99 62 97 83 76 54 77 9 87 

Process 3: Intermediate local_c after stage 0:
37863 25032 28753 32263 45673 37722 28068 29835 26650 27634 31017 39319 37427 31028 36619 
36855 30914 29367 35645 50769 38352 33038 31467 24874 26602 30495 40884 42925 34202 37933 
44001 37356 38798 39850 57436 42347 44136 44158 27499 45905 34526 48334 56248 43999 54668 
38930 28955 36345 43759 52124 41148 38172 33059 27056 39464 33541 41847 49881 35184 45342 
38482 34982 41149 38107 46913 35865 41993 30609 30052 35403 39714 45282 49506 39138 47434 
33465 30726 32624 36543 51524 40023 42402 28524 23353 31888 30558 37699 47538 32661 43098 
49038 33832 38882 46249 57132 45118 36269 33544 31086 34600 36427 45247 48286 38858 49366 
48398 34439 32404 41088 56583 33855 42028 41225 25837 46587 34128 45643 49613 44648 42266 
33655 24733 23262 33165 47390 32998 25426 28677 26622 28773 24194 36374 40911 33451 34247 
34874 40426 38967 40344 57336 39963 46098 40335 26939 35064 37806 46213 58808 35593 50767 
38974 29627 34232 38169 56985 41508 32828 35920 26194 31563 33863 43517 47898 33964 44274 
36383 36721 31963 35559 52454 38415 40259 35623 24137 31476 32236 41401 49813 35147 46406 
40816 29476 27733 37731 56298 37362 40476 36531 18707 36858 25745 39608 46727 37355 38831 
46819 38225 40778 42876 63785 45373 42700 34571 32211 37562 35887 52707 51304 44228 50820 
38262 38855 38534 45396 60482 45694 50385 48489 27044 48960 36232 43535 67789 36777 54504 

Process 3: Rotated matrix B after stage 0:
76 16 20 92 25 28 39 25 90 36 60 18 43 37 28 
97 27 26 69 71 51 49 10 28 39 98 88 10 93 77 
98 84 95 76 5 66 28 54 28 8 93 78 97 55 72 
59 85 57 54 61 62 72 41 16 52 50 62 82 99 17 
80 87 56 90 41 70 52 65 11 69 17 61 83 51 12 
36 70 56 44 60 49 14 65 14 26 86 83 39 69 35 
98 49 55 55 93 68 56 60 33 23 86 71 58 77 40 
44 69 38 51 76 83 19 33 43 4 56 81 75 66 11 
72 73 57 62 25 33 97 96 18 41 53 26 74 80 93 
80 26 83 89 40 8 23 38 57 93 31 10 20 5 90 
86 69 32 69 10 73 30 33 63 87 79 94 49 99 51 
87 73 43 19 42 54 44 24 39 59 63 18 53 12 69 
62 89 10 5 60 4 11 57 29 3 16 92 21 22 5 
26 48 94 36 6 7 92 17 64 21 20 80 66 94 54 
22 71 95 69 59 1 76 52 71 40 25 43 72 91 89 

Process 3: Received broadcasted matrix A:
56 2 94 97 99 43 39 2 28 3 0 81 47 38 59 
77 0 38 71 49 89 67 88 92 95 43 44 29 90 82 
96 67 77 34 90 26 24 57 14 68 5 58 12 86 0 
57 27 12 86 14 55 12 90 12 79 10 69 89 74 55 
5 59 17 18 45 83 73 58 73 37 89 83 7 78 57 
70 99 17 39 69 63 22 94 73 47 31 62 82 90 92 
98 25 81 16 16 2 31 39 96 4 38 80 18 21 70 
27 50 36 60 18 5 63 49 44 11 5 34 91 75 55 
86 53 43 74 14 13 79 77 62 75 88 19 10 32 94 
63 55 90 58 30 4 71 61 33 85 89 73 4 51 5 
65 60 36 55 70 18 11 42 32 96 79 21 70 84 72 
47 24 82 35 32 4 54 43 98 86 40 78 59 62 62 
69 18 1 3 53 33 7 59 28 6 97 20 84 8 34 
0 78 9 53 81 14 38 89 26 67 47 23 87 31 32 
20 33 82 81 87 15 96 25 4 22 92 51 97 32 34 

Process 3: Intermediate local_c after stage 1:
85129 74026 69532 72200 74771 69300 62784 63083 50812 53883 66679 78505 83401 72412 67034 
95874 89309 86258 92955 92979 77208 80601 76613 65703 65159 79680 93467 99368 94957 86021 
95248 77383 78995 85987 85658 74732 76906 71272 57869 74621 73546 88583 97097 84376 88597 
83066 74815 75772 82032 88089 68619 70410 62434 59106 66970 68564 84835 88899 77443 77739 
90414 83822 85277 81890 82364 72562 81382 65626 60987 69143 86079 93984 93293 93503 90355 
92959 88605 82350 90222 96073 77233 88749 69076 62968 67249 78831 95127 98328 93542 89851 
94561 73135 73558 85358 80997 72621 69587 63156 60340 58237 74096 76917 88138 77925 86270 
88556 74658 65927 72450 87442 57798 74572 68641 50493 65250 65435 86085 85048 86100 71017 
89835 71789 68876 86742 85151 69369 66119 63913 65176 64313 71619 82805 87901 90086 78179 
94290 85235 81872 89139 88535 78841 80851 70623 60577 69855 85845 90998 103074 83119 91757 
92394 77963 79435 88554 89834 71855 71153 69103 63165 68316 72613 91984 91065 84906 85001 
93068 87134 79598 82657 84856 70000 80826 73409 58243 64363 74392 84152 96928 81931 92663 
75533 63367 48170 67572 78621 60723 59912 59859 42409 58225 52484 74042 73479 69154 58341 
93197 81687 73834 81353 99120 76222 71543 63697 56587 65550 69280 97607 86414 86205 79725 
95797 92405 78540 88670 96031 84223 83988 83604 55156 80082 79184 96446 113368 86015 86372 

Process 3: Rotated matrix B after stage 1:
41 42 39 37 63 98 90 39 2 13 31 28 57 4 71 
72 46 39 11 83 3 61 25 42 16 39 74 44 96 30 
98 7 41 37 70 76 40 84 1 83 0 92 9 96 40 
86 2 25 79 91 47 7 84 31 61 19 31 53 28 27 
86 18 52 63 98 95 10 5 79 42 66 98 25 72 78 
3 35 51 7 98 49 54 61 6 34 3 25 84 28 97 
34 16 14 85 75 65 86 30 26 92 16 29 69 52 9 
8 97 16 75 82 44 40 20 26 18 65 94 99 34 46 
96 24 82 65 51 16 61 43 37 87 61 2 81 60 88 
0 15 87 34 32 90 50 93 33 39 80 94 93 13 54 
77 35 14 64 69 46 7 72 91 40 11 23 87 57 36 
67 74 35 33 90 57 32 49 29 23 90 92 47 29 49 
4 87 83 40 21 26 97 5 27 78 28 69 70 27 98 
62 68 95 98 60 68 76 9 73 3 87 54 73 57 81 
42 73 1 38 71 13 58 99 22 84 55 61 90 80 71 

Process 3: Completed Fox algorithm.
